2.033333;-18.546703;-0.930435;-10.147388;-0.370687;-0.798973;-1.115055
2.041667;-15.661799;-2.836056;-9.377752;0.051245;-0.024187;-0.720286
2.050000;-14.400703;-3.923033;-6.940474;0.621389;0.749149;-0.298991
2.058333;-14.523170;-4.183590;-3.575250;0.963524;1.228762;-0.034448
2.066667;-14.563809;-4.426724;-0.824835;1.005241;1.437680;0.040050
2.075000;-14.236917;-4.917372;1.045849;0.859750;1.450506;0.018128
2.083333;-13.197365;-5.596239;2.078361;0.633879;1.441055;-0.021003
2.091667;-8.733249;-5.897258;2.819299;0.462752;1.407328;-0.069368
2.100000;-8.765704;-6.010891;2.491091;0.495022;2.029677;0.147001
2.108333;-0.770106;-7.287789;2.564306;0.810036;2.459874;0.215605
2.116667;0.441095;-6.087370;11.664549;1.028905;3.105155;0.184072
2.125000;-1.403645;-3.172451;15.226343;0.852605;2.784811;-0.160586
2.133333;-4.016642;-0.611635;9.572583;0.348810;2.551761;-0.521949
2.141667;-6.784518;-0.471251;7.170226;0.240964;2.946302;-0.721980
2.150000;-11.475599;2.157140;11.861854;0.268656;3.081691;-0.661836
2.158333;-14.055022;4.302937;15.400349;0.106738;2.531114;-0.352017
2.166667;-12.920745;4.637434;14.599184;-0.028218;1.879166;0.087493
2.175000;-9.566087;3.709786;11.959497;-0.082823;1.540275;0.573706
2.183333;-6.717208;1.607188;10.191710;-0.212523;1.459459;0.782506
2.191667;-5.229436;-1.834944;9.231115;-0.338941;1.539968;0.603324
2.200000;-4.574990;-4.855371;8.402833;-0.384967;1.594423;0.298748
2.208333;-5.048291;-5.675187;8.602163;-0.338060;1.680383;0.000296
2.216667;-5.952775;-4.997980;9.293260;-0.164873;1.720568;-0.205725
2.225000;-10.471875;-4.694671;14.178122;0.188423;1.587063;-0.021325
2.233333;-13.039685;-1.033585;13.250695;0.407625;0.912270;0.300238
2.241667;-8.141665;-1.548387;10.065788;0.263676;0.534357;0.331465
2.250000;-4.600165;-2.903779;8.865138;0.310908;0.562864;0.254506
2.258333;-5.766557;-2.125762;9.723117;0.397757;0.511990;0.276054
2.266667;-6.582227;-1.342129;9.665051;0.323317;0.406110;0.280651
2.275000;-5.737368;-1.418798;9.270926;0.227523;0.215869;0.277176
2.283333;-5.049728;-1.337330;9.280637;0.153907;0.106223;0.252767
2.291667;-5.126572;-1.574909;9.014951;0.084604;0.023761;0.218234
2.300000;-5.269337;-1.841008;8.781386;0.122562;-0.009835;0.180069
2.308333;-5.187526;-1.548968;8.663975;0.007879;-0.040099;0.156280
2.316667;-5.094615;-1.286121;8.590239;-0.023696;-0.056210;0.125668
2.325000;-5.283002;-1.411452;8.500011;-0.070950;-0.021170;0.054680
2.333333;-5.169689;-1.469311;8.518663;-0.125668;0.018232;0.015311
2.341667;-5.090689;-1.684827;8.504638;-0.188808;0.056598;-0.007020
2.350000;-5.113247;-1.723401;8.462116;-0.170822;0.043297;-0.066194
2.358333;-5.088027;-1.787840;8.465412;-0.180313;0.082757;-0.089024
2.366667;-5.083544;-1.900000;8.433428;-0.220226;0.085374;-0.131827
2.375000;-5.092977;-1.929323;8.423969;-0.268605;0.094714;-0.146149
2.383333;-5.080064;-1.905663;8.413313;-0.220198;0.111783;-0.183292
2.391667;-5.027699;-2.032658;8.430895;-0.220155;0.083895;-0.177039
2.400000;-5.031507;-2.029098;8.407149;-0.182365;0.105623;-0.151898
2.408333;-5.046777;-2.065953;8.357392;-0.219194;0.101126;-0.147409